10
0
2021
0 49 40
0 84 37
0 14 68
0 3 17
0 36 45
0 75 38
0 8 65
0 45 78
0 82 30
0 42 52
0 48 31
0 44 21
0 83 32
0 61 99
0 59 98
0 94 76
0 43 5
0 58 93
0 54 88
0 47 100
0 29 63
0 33 72
0 96 94
0 46 94
0 20 43
0 10 22
1 23 43
1 97 71
1 39 54
1 60 76
1 83 7
1 12 85
1 64 42
1 22 62
1 77 97
1 24 80
1 37 73
1 89 98
1 56 42
1 28 80
1 52 64
1 34 87
1 76 73
1 80 7
1 20 8
1 30 86
1 68 44
1 36 5
1 58 1
1 9 72
1 35 98
1 13 44
1 75 92
2 13 17
2 39 19
2 56 73
2 97 41
2 63 41
2 31 89
2 72 44
2 11 91
2 28 87
2 80 62
2 51 91
2 34 43
2 23 79
2 12 40
2 19 93
2 58 96
2 24 3
2 37 8
2 68 46
2 21 3
2 53 32
2 29 34
2 55 10
2 70 77
2 66 68
2 27 58
3 22 67
3 26 84
3 52 45
3 81 25
3 88 28
3 92 65
3 9 37
3 17 92
3 82 9
3 65 11
3 53 7
3 35 26
3 98 87
3 33 8
3 68 48
3 41 37
3 15 68
3 87 39
3 57 84
3 59 7
3 89 24
3 90 3
3 84 78
3 29 12
3 32 61
3 74 70
3 10 94
3 24 88
3 12 5
4 79 31
4 58 63
4 97 93
4 57 64
4 63 60
4 35 54
4 48 98
4 53 40
4 50 45
4 43 43
4 84 8
4 31 33
4 69 15
4 83 43
4 94 33
4 30 46
4 99 93
4 19 14
4 11 18
4 78 41
4 52 27
4 73 80
4 98 97
5 23 25
5 94 32
5 30 84
5 16 27
5 52 87
5 14 40
5 89 67
5 46 44
5 9 60
5 8 19
5 54 33
5 61 18
5 60 2
5 55 57
5 42 92
5 19 41
5 86 16
5 44 40
5 70 62
5 26 14
5 59 37
5 77 32
5 38 85
5 64 90
5 80 59
5 37 7
5 28 75
6 43 7
6 62 73
6 48 62
6 28 45
6 92 5
6 27 30
6 53 65
6 86 27
6 65 60
6 21 21
6 54 70
6 30 69
6 40 68
6 78 78
6 17 76
6 98 76
6 45 78
6 52 11
6 56 87
6 99 43
6 81 9
6 97 90
6 42 41
6 57 85
6 44 39
7 40 99
7 49 19
7 38 75
7 8 4
7 41 10
7 55 22
7 46 20
7 75 49
7 71 69
7 54 43
7 9 9
7 72 76
7 68 98
7 70 77
7 95 45
7 13 16
7 56 58
7 86 87
7 37 55
7 26 98
7 90 44
7 24 65
7 97 4
8 16 89
8 48 86
8 18 60
8 70 92
8 13 82
8 72 31
8 43 90
8 63 6
8 95 32
8 22 53
8 21 29
8 93 39
8 10 96
8 71 76
8 88 17
8 96 96
8 20 50
8 53 62
8 50 23
8 45 83
8 31 92
8 73 92
8 94 26
8 25 98
8 80 97
8 60 63
9 74 44
9 21 46
9 97 7
9 64 51
9 76 66
9 18 45
9 55 96
9 69 15
9 98 42
9 56 54
9 96 54
9 20 54
9 63 72
9 84 39
9 15 73
9 40 54
9 59 33
9 62 82
9 11 44
9 82 48
9 50 16
9 99 53
9 24 10
9 38 27
9 85 43
9 34 24
9 26 34
9 57 10
10 76 20
10 58 51
10 88 52
10 19 76
10 27 11
10 29 83
10 65 73
10 68 95
10 50 72
10 60 75
10 73 71
10 49 68
10 72 74
10 75 81
10 63 95
10 36 11
10 84 55
10 39 8
10 55 21
10 74 81
10 17 34
10 37 50
10 34 24
10 83 94
10 21 55
10 43 18
10 41 1
11 27 18
11 73 37
11 63 76
11 13 15
11 74 50
11 38 14
11 89 12
11 85 65
11 66 32
11 71 88
11 95 3
11 79 47
11 97 45
11 40 50
11 12 54
11 31 23
11 36 2
11 64 25
11 56 54
11 72 27
11 94 95
11 57 63
11 70 48
11 62 80
11 49 22
11 78 40
11 20 1
11 50 2
11 16 28
12 33 61
12 39 3
12 40 97
12 29 40
12 80 23
12 69 39
12 61 27
12 54 17
12 42 44
12 65 11
12 27 72
12 78 89
12 32 2
12 44 70
12 13 88
12 67 87
12 87 43
12 77 86
12 30 85
12 21 72
12 55 26
12 96 86
12 26 13
12 23 60
12 75 78
13 17 27
13 95 51
13 68 50
13 64 30
13 97 93
13 92 39
13 75 23
13 78 10
13 45 21
13 67 42
13 88 66
13 49 44
13 15 25
13 39 88
13 76 79
13 20 92
13 36 86
13 98 77
13 42 63
13 60 28
13 58 82
13 99 96
13 27 85
13 33 91
14 47 95
14 58 17
14 72 89
14 57 54
14 27 75
14 95 44
14 21 94
14 46 7
14 62 52
14 79 59
14 86 8
14 73 9
14 31 90
14 65 43
14 34 37
14 94 38
14 84 78
14 24 65
14 60 21
14 91 65
14 45 65
14 36 1
14 56 16
14 50 76
14 74 57
14 78 53
14 49 74
15 27 32
15 67 93
15 26 53
15 61 57
15 68 45
15 33 66
15 37 18
15 65 14
15 88 84
15 57 85
15 50 91
15 19 17
15 55 72
15 49 75
15 53 25
15 48 95
15 56 59
15 77 53
15 66 10
15 46 70
15 84 56
15 59 81
15 18 100
15 20 91
15 90 12
15 63 77
15 60 93
16 68 96
16 73 66
16 41 19
16 43 73
16 63 97
16 92 97
16 66 2
16 31 75
16 53 12
16 36 82
16 75 4
16 70 50
16 30 72
16 58 86
16 46 53
16 21 91
16 84 64
16 85 6
16 34 1
16 20 29
16 98 92
16 44 71
16 87 13
16 25 21
16 18 98
16 90 80
16 71 51
17 79 55
17 46 57
17 38 3
17 43 83
17 74 29
17 55 100
17 50 65
17 66 47
17 71 62
17 18 59
17 99 13
17 92 81
17 62 52
17 59 63
17 54 25
17 93 53
17 80 62
17 22 41
17 51 51
17 75 26
17 94 32
17 27 51
17 61 35
17 72 71
18 87 64
18 49 92
18 25 97
18 64 67
18 83 55
18 34 8
18 39 43
18 46 13
18 36 76
18 41 55
18 72 17
18 59 35
18 82 100
18 84 7
18 23 73
18 60 67
18 58 2
18 30 100
18 56 50
18 96 60
18 20 6
18 22 10
18 93 86
18 26 5
18 76 27
18 85 65
19 60 33
19 70 57
19 49 81
19 59 94
19 83 37
19 51 52
19 93 30
19 24 71
19 97 36
19 33 27
19 87 41
19 68 64
19 28 68
19 48 19
19 45 2
19 64 38
19 36 85
19 89 82
19 52 84
19 42 46
19 31 75
19 25 26
19 65 77
20 59 96
20 22 74
20 58 22
20 94 37
20 29 24
20 61 73
20 78 80
20 96 5
20 50 98
20 38 32
20 92 70
20 74 60
20 70 56
20 25 81
20 42 94
20 88 74
20 30 26
20 60 3
20 48 73
20 99 61
20 91 28
20 89 60
20 57 38
20 45 3
20 33 66
20 46 53
21 52 21
21 94 86
21 48 82
21 79 91
21 23 24
21 71 97
21 70 32
21 87 22
21 22 61
21 37 45
21 61 72
21 32 71
21 63 16
21 50 29
21 35 10
21 82 66
21 75 8
21 65 57
21 73 58
21 85 10
21 97 18
21 93 71
21 99 18
21 26 30
21 29 20
21 89 57
21 62 57
21 56 5
21 67 65
22 46 31
22 24 27
22 76 2
22 71 57
22 85 68
22 84 15
22 99 83
22 44 35
22 83 85
22 45 49
22 64 44
22 82 9
22 47 52
22 59 74
22 56 90
22 69 13
22 62 41
22 52 58
22 68 98
22 79 93
22 61 39
22 89 69
22 41 42
22 40 93
23 97 7
23 38 67
23 70 14
23 37 15
23 64 95
23 79 61
23 55 30
23 93 45
23 33 41
23 82 55
23 60 95
23 77 64
23 28 84
23 71 8
23 76 97
23 92 2
23 49 65
23 50 9
23 98 29
23 57 56
23 65 90
23 31 23
23 86 41
23 89 55
23 30 32
23 62 96
23 68 49
23 54 27
24 94 74
24 44 32
24 63 80
24 71 18
24 60 99
24 66 58
24 31 44
24 34 41
24 68 93
24 85 68
24 42 52
24 49 69
24 25 82
24 50 22
24 59 87
24 43 60
24 36 49
24 39 86
24 92 96
24 74 99
24 45 92
24 90 81
24 73 75
24 84 95
24 57 62
24 78 93
24 48 28
24 28 27
25 97 45
25 61 61
25 82 97
25 49 53
25 93 13
25 99 25
25 41 79
25 45 23
25 37 99
25 48 90
25 54 18
25 91 97
25 26 98
25 76 24
25 70 31
25 58 94
25 38 65
25 72 36
25 69 48
25 34 70
25 47 41
25 94 68
25 56 11
25 59 99
25 32 30
26 71 52
26 55 4
26 52 21
26 91 20
26 82 61
26 51 42
26 65 79
26 28 40
26 84 75
26 96 49
26 73 57
26 39 55
26 44 12
26 45 100
26 34 68
26 80 23
26 79 69
26 67 50
26 64 81
26 53 39
26 83 50
26 33 88
26 94 69
26 49 27
26 29 74
27 49 47
27 97 57
27 50 67
27 65 51
27 87 86
27 55 51
27 54 10
27 78 26
27 59 3
27 98 38
27 77 6
27 41 61
27 48 96
27 47 66
27 29 31
27 79 40
27 34 66
27 64 86
27 91 37
27 38 81
27 39 56
27 58 33
27 56 88
27 32 30
27 40 8
27 80 31
28 77 56
28 51 97
28 47 68
28 64 47
28 69 40
28 38 38
28 29 69
28 71 59
28 48 21
28 74 10
28 42 82
28 94 40
28 96 55
28 39 5
28 82 96
28 34 95
28 36 24
28 78 1
28 66 54
28 31 82
28 85 34
28 54 66
28 46 40
29 65 10
29 33 54
29 79 81
29 92 70
29 99 37
29 70 61
29 58 19
29 39 56
29 74 8
29 52 88
29 49 28
29 97 74
29 54 45
29 64 96
29 62 2
29 88 10
29 38 83
29 31 88
29 89 97
29 51 79
29 96 48
29 61 85
29 84 56
29 86 13
30 63 70
30 74 30
30 59 85
30 56 100
30 46 64
30 41 33
30 89 74
30 71 46
30 39 22
30 52 38
30 53 21
30 31 24
30 95 86
30 40 46
30 54 7
30 96 76
30 76 18
30 45 57
30 81 71
30 51 54
30 86 22
30 73 6
30 72 98
30 38 62
30 60 92
30 48 36
31 61 77
31 69 31
31 38 32
31 53 47
31 37 95
31 94 33
31 82 20
31 62 72
31 96 37
31 93 83
31 77 33
31 58 77
31 66 20
31 99 3
31 56 29
31 35 67
31 84 82
31 64 13
31 68 72
31 63 17
31 97 41
32 35 43
32 40 97
32 67 86
32 98 64
32 46 43
32 36 41
32 48 72
32 49 28
32 92 63
32 54 14
32 39 62
32 65 37
32 93 74
32 62 73
32 42 61
32 95 33
32 34 4
32 58 91
32 78 51
32 97 89
32 68 68
32 83 43
32 59 62
32 70 100
33 69 77
33 82 52
33 34 57
33 51 29
33 84 49
33 41 99
33 71 61
33 67 14
33 52 1
33 47 70
33 58 56
33 60 65
33 53 46
33 50 69
33 70 1
33 73 28
33 65 100
33 80 15
33 85 3
33 76 62
33 90 48
33 89 54
33 40 28
33 46 55
34 60 52
34 95 67
34 43 59
34 75 20
34 68 83
34 66 44
34 97 50
34 69 21
34 64 97
34 63 2
34 61 80
34 80 31
34 81 18
34 85 6
34 79 25
34 58 77
34 94 31
34 72 91
34 38 12
34 45 33
34 73 59
34 77 35
34 92 60
34 39 36
34 40 74
35 89 59
35 44 78
35 75 47
35 85 44
35 97 58
35 65 79
35 48 100
35 40 85
35 61 99
35 68 3
35 79 61
35 62 52
35 42 67
35 38 38
35 50 91
35 99 41
35 90 80
35 71 28
35 96 92
35 56 14
35 94 85
35 76 65
36 66 24
36 51 53
36 52 40
36 85 9
36 44 5
36 53 69
36 91 43
36 65 72
36 95 92
36 63 58
36 96 15
36 97 19
36 61 42
36 88 62
36 81 21
36 72 9
36 99 19
36 90 99
36 74 16
36 47 63
36 76 83
36 71 66
36 60 84
36 73 87
37 75 9
37 77 52
37 39 82
37 71 38
37 44 93
37 82 45
37 81 72
37 87 43
37 94 48
37 50 60
37 83 30
37 41 91
37 88 36
37 51 59
37 95 54
37 45 68
37 58 48
37 74 52
37 69 3
37 90 16
37 65 97
37 91 33
37 54 71
37 97 13
37 55 96
37 57 1
38 39 8
38 86 94
38 56 5
38 89 57
38 62 53
38 41 20
38 54 100
38 94 16
38 42 94
38 66 40
38 88 6
38 67 99
38 77 63
38 49 75
38 65 68
38 50 94
38 74 65
38 81 43
38 58 20
38 68 27
38 55 76
38 84 63
38 75 95
39 49 48
39 47 83
39 98 77
39 70 89
39 52 53
39 66 81
39 92 42
39 57 58
39 86 47
39 72 60
39 93 72
39 84 86
39 55 86
39 44 8
39 60 25
39 77 96
39 62 83
39 85 76
39 43 56
39 91 64
39 69 16
39 75 42
40 53 92
40 66 1
40 90 82
40 47 61
40 59 29
40 85 3
40 57 8
40 51 45
40 65 8
40 43 38
40 48 26
40 98 13
40 67 88
40 95 64
40 70 46
40 50 62
40 41 57
40 97 58
40 77 91
40 88 89
40 69 56
40 54 95
40 61 2
41 97 98
41 60 23
41 86 59
41 52 73
41 88 78
41 43 89
41 55 66
41 77 81
41 48 63
41 68 60
41 67 18
41 96 57
41 44 19
41 89 45
41 61 32
41 46 51
41 82 30
41 78 9
41 62 66
41 59 62
41 50 43
41 45 37
41 66 60
42 75 21
42 84 6
42 86 27
42 70 80
42 44 51
42 87 14
42 63 91
42 93 90
42 65 5
42 85 24
42 68 9
42 58 33
42 82 61
42 57 12
42 98 18
42 52 99
42 46 92
42 67 57
42 61 84
42 43 42
42 90 82
42 54 36
43 54 81
43 85 15
43 88 53
43 80 36
43 58 43
43 76 96
43 71 10
43 73 71
43 86 2
43 67 71
43 48 31
43 77 5
43 65 58
43 55 15
43 68 100
43 95 57
43 98 72
43 92 84
43 79 50
43 62 46
43 97 48
43 52 53
43 51 41
44 46 57
44 45 95
44 67 86
44 68 64
44 55 80
44 47 72
44 70 69
44 76 35
44 63 12
44 53 99
44 57 44
44 88 76
44 82 90
44 79 76
44 72 84
44 56 41
44 80 51
44 83 20
44 60 41
44 69 83
44 66 86
45 50 47
45 51 62
45 97 98
45 83 97
45 74 89
45 69 10
45 58 61
45 79 33
45 67 28
45 99 23
45 75 26
45 63 98
45 62 43
45 87 3
45 88 9
45 85 64
45 73 89
45 56 15
45 72 98
45 71 36
45 89 49
45 66 20
46 91 56
46 96 43
46 62 20
46 98 19
46 55 87
46 97 34
46 75 6
46 94 87
46 79 13
46 47 14
46 64 68
46 53 22
46 84 93
46 51 79
46 82 69
46 49 100
46 85 85
46 63 32
46 66 71
46 89 98
46 88 94
46 99 94
47 55 18
47 73 66
47 79 97
47 86 32
47 48 94
47 81 3
47 68 66
47 82 76
47 69 84
47 80 6
47 65 3
47 60 28
47 66 92
47 49 44
47 50 71
47 95 15
47 92 93
47 51 44
47 72 91
47 62 44
47 89 67
47 94 85
47 75 76
47 85 5
48 89 24
48 55 100
48 64 9
48 75 90
48 85 39
48 50 18
48 53 21
48 67 56
48 77 55
48 98 34
48 58 65
48 56 20
48 94 88
48 95 94
48 71 73
48 82 25
48 74 100
48 59 7
48 78 35
48 88 66
48 84 34
48 86 89
48 69 77
48 60 50
49 50 75
49 59 1
49 65 29
49 55 93
49 66 96
49 77 48
49 76 88
49 72 64
49 95 16
49 98 54
49 75 46
49 81 66
49 90 13
49 63 3
49 68 74
49 89 45
49 53 39
49 82 73
49 93 97
49 91 13
49 67 46
49 52 68
49 74 19
49 96 91
49 86 42
49 62 17
50 59 29
50 52 61
50 60 35
50 97 71
50 82 50
50 67 13
50 62 53
50 57 28
50 93 73
50 74 100
50 71 70
50 76 16
50 83 96
50 51 89
50 63 74
50 66 40
50 53 67
50 65 48
50 68 82
50 94 82
50 81 66
50 84 46
50 87 70
51 84 16
51 89 23
51 52 56
51 91 50
51 75 49
51 64 23
51 94 77
51 78 19
51 81 56
51 96 21
51 60 31
51 86 31
51 57 23
51 82 44
51 66 33
51 59 69
51 65 79
51 99 78
51 97 97
51 74 44
51 92 61
51 87 96
51 54 21
51 53 12
52 84 11
52 96 4
52 79 17
52 89 38
52 76 3
52 61 96
52 77 85
52 71 35
52 82 29
52 95 28
52 70 13
52 94 37
52 97 32
52 92 10
52 54 96
52 66 24
52 68 95
52 60 68
52 80 85
52 93 7
53 70 61
53 84 83
53 94 18
53 57 92
53 60 11
53 96 8
53 72 1
53 89 30
53 86 33
53 69 95
53 83 72
53 65 51
53 55 11
53 95 70
53 82 61
53 99 61
53 93 97
53 76 83
53 68 25
53 63 18
53 74 28
53 91 29
53 62 18
53 77 98
53 85 62
54 66 59
54 84 33
54 78 58
54 98 44
54 58 22
54 61 85
54 88 68
54 77 24
54 60 13
54 73 68
54 74 56
54 57 30
54 79 25
54 69 75
54 80 92
54 89 63
54 87 39
54 56 98
54 97 37
54 76 89
54 95 89
54 92 99
54 90 32
55 94 40
55 84 97
55 86 8
55 80 74
55 71 88
55 93 23
55 89 44
55 64 83
55 96 7
55 65 41
55 75 53
55 61 54
55 98 91
55 97 61
55 74 53
55 60 67
55 92 67
55 83 28
55 82 96
55 70 74
55 76 80
56 97 42
56 94 18
56 61 15
56 92 43
56 85 23
56 71 81
56 78 81
56 60 12
56 96 36
56 86 28
56 88 63
56 93 55
56 65 52
56 69 65
56 81 46
56 75 99
56 62 91
56 87 71
56 66 18
56 58 6
56 98 16
57 59 4
57 64 96
57 74 23
57 90 53
57 84 77
57 61 51
57 69 41
57 63 42
57 89 42
57 95 44
57 60 73
57 83 57
57 98 90
57 58 85
57 80 66
57 88 24
57 75 21
57 99 38
58 84 55
58 81 91
58 67 80
58 78 67
58 71 6
58 66 59
58 96 60
58 68 96
58 80 9
58 70 84
58 72 33
58 74 42
58 73 56
58 88 48
58 87 88
58 89 64
58 75 93
58 83 99
58 93 62
58 79 7
58 63 2
59 97 57
59 98 12
59 76 1
59 90 62
59 64 81
59 71 66
59 61 53
59 65 85
59 96 77
59 62 62
59 85 51
59 86 78
59 91 86
59 77 61
59 69 96
59 89 16
59 70 38
59 74 48
59 84 55
59 92 85
59 75 95
59 63 28
59 82 97
59 72 50
59 83 92
60 84 42
60 95 58
60 85 63
60 74 41
60 61 61
60 96 98
60 66 96
60 64 85
60 92 23
60 94 89
60 75 84
60 99 39
60 90 50
60 78 93
60 87 96
60 65 24
60 77 79
60 86 86
60 76 14
60 97 51
60 72 57
60 82 51
60 80 33
60 98 98
60 63 75
61 82 9
61 83 51
61 87 28
61 63 8
61 74 50
61 71 92
61 69 7
61 84 87
61 66 50
61 78 8
61 90 66
61 91 95
61 65 39
61 94 14
61 67 27
61 85 98
61 92 96
61 77 78
61 88 47
61 72 62
61 99 96
61 96 51
62 84 47
62 82 67
62 65 61
62 68 24
62 87 78
62 69 42
62 81 91
62 98 24
62 93 2
62 66 85
62 71 74
62 78 28
62 76 17
62 88 66
62 99 25
62 79 54
62 64 21
62 67 32
62 90 98
62 97 69
62 86 64
62 96 35
63 75 90
63 87 9
63 86 53
63 69 61
63 91 86
63 85 72
63 74 20
63 78 89
63 72 89
63 98 42
63 99 63
63 65 56
63 76 1
63 73 99
63 79 46
63 92 68
63 95 14
63 90 39
64 96 21
64 91 68
64 84 95
64 82 53
64 88 42
64 67 59
64 74 67
64 80 14
64 65 16
64 87 93
64 68 68
64 99 7
64 95 41
64 90 95
64 66 96
64 86 70
64 72 84
64 85 68
64 71 1
64 81 33
65 97 56
65 71 76
65 79 58
65 93 49
65 78 50
65 84 50
65 87 32
65 80 30
65 85 57
65 94 36
65 92 30
65 96 74
65 75 20
65 76 65
65 73 79
65 70 45
65 66 24
65 81 37
65 86 7
66 67 41
66 83 61
66 75 97
66 93 4
66 97 83
66 94 21
66 71 35
66 89 76
66 98 58
66 82 53
66 91 3
66 87 75
66 74 78
66 72 57
66 86 63
66 81 50
66 90 27
66 95 83
66 99 96
67 84 34
67 92 9
67 95 32
67 88 24
67 89 62
67 98 62
67 85 31
67 96 82
67 78 11
67 77 29
67 97 57
67 91 50
67 72 80
67 73 71
67 99 76
67 82 17
67 79 77
67 70 82
67 69 8
67 68 41
67 86 45
67 75 57
68 76 49
68 79 71
68 80 37
68 70 42
68 92 73
68 71 74
68 77 39
68 98 24
68 78 53
68 73 85
68 96 61
68 72 18
68 75 79
68 99 8
68 93 98
68 82 44
68 97 25
68 91 48
68 88 61
69 96 75
69 91 70
69 70 74
69 82 21
69 86 24
69 93 91
69 73 77
69 99 1
69 85 72
69 94 81
69 80 82
69 90 71
69 74 100
69 92 61
69 76 60
69 97 55
69 77 7
69 88 61
69 84 29
70 98 56
70 83 53
70 71 73
70 86 85
70 89 64
70 87 42
70 81 2
70 96 97
70 72 88
70 91 38
70 79 47
70 92 6
70 85 91
70 75 77
70 76 79
70 99 94
70 95 95
70 73 3
70 90 30
70 93 24
70 82 19
71 88 21
71 83 38
71 84 31
71 72 43
71 91 39
71 93 11
71 95 45
71 85 64
71 75 9
71 86 57
71 82 27
71 90 71
71 98 99
71 97 57
71 77 36
71 92 41
71 89 12
71 94 76
71 99 71
71 73 65
71 81 1
71 87 43
72 83 98
72 79 89
72 90 1
72 84 26
72 96 51
72 92 81
72 88 19
72 86 67
72 74 99
72 87 95
72 95 4
72 75 25
72 78 9
72 97 17
72 76 41
72 85 71
72 80 71
72 98 4
73 79 62
73 90 43
73 81 58
73 92 72
73 98 20
73 77 37
73 97 74
73 83 11
73 89 14
73 74 55
73 96 25
73 75 68
73 85 68
73 80 5
73 87 72
73 82 88
73 88 21
74 81 69
74 87 55
74 85 86
74 88 6
74 90 62
74 86 45
74 93 46
74 89 32
74 98 97
74 84 13
74 75 41
74 99 82
74 96 57
74 79 46
74 76 23
74 97 96
74 92 84
74 94 95
74 91 71
74 77 4
74 95 70
75 86 68
75 90 20
75 82 44
75 91 65
75 85 97
75 87 61
75 96 20
75 77 68
75 76 20
75 79 3
75 78 48
75 99 98
75 94 32
75 88 49
75 92 86
75 89 99
75 97 15
76 89 56
76 79 30
76 97 37
76 77 91
76 85 57
76 98 84
76 88 6
76 78 6
76 86 43
76 94 39
76 95 18
76 81 81
76 92 3
76 96 88
76 84 43
76 90 84
76 99 84
77 94 6
77 99 29
77 98 51
77 84 72
77 90 38
77 93 18
77 83 39
77 89 42
77 81 63
77 79 68
77 85 31
77 80 98
77 87 83
77 86 35
77 97 81
77 91 52
78 90 28
78 97 91
78 96 3
78 87 90
78 92 64
78 99 22
78 89 14
78 88 2
78 91 15
78 93 7
78 95 58
78 85 10
78 94 2
78 82 51
78 86 3
79 92 78
79 83 87
79 85 71
79 91 7
79 88 42
79 93 50
79 84 48
79 94 30
79 87 54
79 98 65
79 95 96
79 89 63
80 89 47
80 82 72
80 99 83
80 97 79
80 95 16
80 88 84
80 83 98
80 91 100
80 96 13
80 94 5
80 86 49
80 84 48
80 90 45
81 98 95
81 86 77
81 95 95
81 91 94
81 93 33
81 84 85
81 85 29
81 96 72
81 83 33
81 97 55
81 82 78
81 88 71
81 89 77
81 94 42
81 87 40
81 90 98
82 83 22
82 96 89
82 86 25
82 94 25
82 92 20
82 93 46
82 95 12
82 89 19
82 87 12
82 91 16
82 85 2
82 98 44
82 99 82
82 84 66
82 88 90
83 84 57
83 89 61
83 86 20
83 96 25
83 90 40
83 85 89
83 99 68
83 87 94
83 91 20
83 97 61
83 98 32
83 88 53
83 93 56
83 94 65
84 94 38
84 89 78
84 88 10
84 91 63
84 90 82
84 99 64
84 87 94
84 97 52
84 93 34
84 96 78
84 85 88
84 95 55
84 92 83
84 86 51
85 97 92
85 98 27
85 99 14
85 93 58
85 95 2
85 91 32
85 90 6
85 89 71
85 96 69
85 87 84
85 94 3
85 92 52
85 86 21
85 88 69
86 88 77
86 90 65
86 95 89
86 98 79
86 97 47
86 92 36
86 99 86
86 96 62
86 94 32
86 91 12
86 87 87
86 93 100
86 89 31
87 93 8
87 92 51
87 88 19
87 94 84
87 90 19
87 95 71
87 98 78
87 89 82
87 96 90
87 91 44
87 97 75
88 96 84
88 89 51
88 91 91
88 98 68
88 90 5
88 99 46
88 95 68
88 94 7
88 97 28
88 93 6
88 92 61
89 97 11
89 94 97
89 93 75
89 90 25
89 99 2
89 92 4
89 95 95
89 96 23
89 98 42
89 91 30
90 99 16
90 96 23
90 93 77
90 94 23
90 98 86
90 95 5
90 92 38
90 97 40
90 91 8
91 95 52
91 98 77
91 99 45
91 97 82
91 92 36
91 93 57
91 94 13
91 96 25
92 97 54
92 95 3
92 93 7
92 96 4
92 98 26
92 94 42
92 99 56
93 95 30
93 94 49
93 96 7
93 98 20
93 97 11
93 99 58
94 99 91
94 95 1
94 97 53
94 98 30
94 96 54
95 99 3
95 97 38
95 98 58
95 96 86
96 97 62
96 98 15
96 99 34
97 98 88
97 99 52
