70
0
765
0 8 6
0 1 18
0 25 1
0 32 57
0 49 22
0 5 33
0 13 81
0 41 33
0 45 67
0 37 86
0 22 28
0 24 46
0 31 32
0 2 46
0 12 1
0 36 73
0 30 29
0 43 73
0 4 61
1 41 27
1 16 60
1 30 30
1 8 17
1 32 25
1 19 11
1 49 40
1 35 44
1 5 99
1 12 88
1 46 59
1 44 48
1 40 82
1 3 68
1 11 53
1 36 92
1 2 78
1 13 4
1 37 84
1 42 62
1 7 21
1 9 67
1 39 97
2 25 24
2 18 77
2 44 90
2 23 73
2 29 99
2 5 17
2 16 10
2 42 100
2 36 93
2 32 45
2 10 59
2 26 58
2 4 26
2 13 26
2 3 71
2 37 8
2 30 1
2 41 37
2 7 60
2 24 2
2 49 36
2 17 4
2 6 57
3 36 81
3 38 55
3 35 84
3 26 67
3 48 63
3 24 44
3 47 70
3 25 1
3 41 44
3 40 97
3 10 39
3 6 38
3 43 57
3 15 32
3 29 53
3 22 87
3 12 58
3 31 44
3 11 37
3 23 29
4 46 71
4 22 98
4 47 42
4 7 88
4 49 34
4 30 19
4 11 63
4 29 34
4 17 38
4 43 26
4 41 37
4 32 92
4 33 33
4 40 87
4 48 89
4 31 73
4 37 95
4 28 69
4 25 58
4 44 10
4 10 7
5 47 56
5 35 83
5 15 55
5 24 12
5 38 58
5 45 31
5 43 58
5 40 79
5 26 28
5 36 7
5 10 21
5 23 74
5 19 15
5 33 95
5 28 87
5 48 77
5 39 19
5 22 32
5 34 70
5 6 35
5 8 62
5 46 76
5 18 50
6 11 66
6 35 48
6 32 75
6 18 56
6 44 18
6 10 100
6 21 86
6 17 61
6 20 44
6 38 16
6 16 47
6 31 62
6 22 1
6 8 71
6 28 59
6 49 65
6 43 45
6 14 48
6 26 24
6 7 75
7 42 93
7 8 43
7 39 69
7 21 53
7 49 78
7 10 90
7 9 26
7 25 10
7 23 82
7 33 44
7 20 17
7 45 66
7 28 56
7 47 87
7 46 57
7 36 4
7 35 6
7 32 13
8 37 5
8 12 36
8 46 11
8 40 40
8 27 26
8 33 72
8 14 85
8 49 49
8 24 65
8 38 56
8 20 11
8 31 62
8 28 1
8 29 33
8 32 65
8 36 55
8 16 68
8 18 38
8 43 93
8 13 36
8 19 63
8 41 47
8 23 81
8 25 14
8 47 65
9 42 61
9 21 54
9 23 91
9 26 88
9 46 23
9 15 82
9 20 18
9 24 74
9 47 68
9 17 41
9 11 2
9 39 90
9 18 85
9 10 38
9 27 66
9 32 54
9 40 10
9 33 86
9 34 50
10 29 41
10 37 71
10 48 30
10 47 11
10 17 52
10 30 48
10 39 84
10 36 63
10 34 61
10 38 50
10 27 62
10 13 72
10 33 17
10 11 65
10 32 83
10 19 76
10 31 24
10 15 63
10 14 37
10 45 67
10 42 68
11 20 76
11 47 65
11 43 19
11 41 47
11 31 95
11 29 19
11 22 1
11 39 10
11 35 89
11 14 54
11 46 60
11 26 83
11 45 56
11 15 49
11 42 18
11 38 56
11 24 75
11 27 21
11 17 33
12 25 73
12 28 31
12 14 11
12 19 15
12 45 34
12 38 46
12 29 65
12 47 42
12 34 67
12 44 41
12 36 18
12 31 46
12 22 73
12 17 36
12 39 78
12 42 33
12 35 59
12 46 28
12 33 10
12 41 74
12 18 85
13 29 43
13 36 51
13 41 80
13 27 70
13 48 56
13 30 9
13 43 84
13 23 42
13 38 6
13 21 77
13 22 34
13 33 82
13 44 54
13 24 76
13 26 51
13 32 18
13 47 47
13 45 76
14 42 62
14 18 12
14 15 17
14 46 10
14 35 93
14 23 2
14 27 70
14 44 21
14 21 17
14 22 100
14 38 82
14 19 74
14 17 82
14 32 46
14 39 22
14 34 93
14 41 89
14 26 20
14 40 44
14 28 81
14 30 78
14 37 5
14 48 20
15 34 25
15 24 50
15 36 31
15 21 36
15 16 31
15 19 83
15 47 41
15 49 37
15 20 87
15 33 21
15 25 37
15 35 25
15 38 7
15 39 2
15 29 95
15 31 24
15 48 7
15 45 4
15 32 35
15 28 12
15 17 80
16 17 60
16 47 13
16 28 31
16 38 90
16 32 17
16 48 61
16 31 63
16 44 46
16 33 57
16 42 9
16 45 17
16 39 61
16 37 40
16 23 37
16 46 13
16 41 53
16 30 99
16 25 78
16 34 23
16 20 18
17 22 45
17 21 83
17 24 27
17 34 29
17 33 73
17 45 21
17 48 80
17 39 65
17 29 37
17 46 61
17 30 28
17 26 78
17 20 29
17 25 89
17 27 57
17 40 77
17 41 41
17 47 86
17 23 37
17 44 87
18 20 91
18 31 84
18 42 87
18 29 77
18 21 6
18 19 92
18 27 33
18 25 51
18 47 28
18 28 33
18 45 21
18 43 73
18 44 54
18 37 12
18 23 21
18 41 98
18 48 91
18 39 8
18 33 81
18 24 57
19 36 31
19 30 21
19 34 66
19 21 81
19 48 58
19 49 70
19 41 62
19 23 8
19 39 28
19 26 70
19 44 48
19 20 6
19 38 6
19 33 28
19 40 18
19 43 55
19 35 58
19 29 52
20 32 71
20 34 16
20 36 22
20 38 85
20 30 60
20 41 4
20 28 38
20 29 54
20 27 29
20 26 92
20 47 49
20 46 98
20 42 53
20 48 68
20 45 9
20 31 38
20 44 53
20 24 60
21 32 97
21 24 66
21 33 14
21 47 94
21 48 64
21 34 73
21 43 50
21 44 73
21 40 53
21 35 2
21 23 82
21 46 30
21 29 58
21 45 41
21 26 24
21 30 67
21 42 18
21 22 73
21 27 24
22 27 42
22 25 94
22 31 44
22 34 62
22 41 82
22 49 93
22 29 59
22 43 17
22 30 63
22 35 53
22 24 35
22 32 19
22 36 40
22 28 80
22 38 6
22 40 10
22 48 63
22 26 3
22 42 100
23 35 82
23 48 20
23 33 86
23 30 78
23 28 22
23 43 82
23 25 12
23 46 87
23 45 40
23 42 51
23 41 34
23 24 59
23 49 56
23 44 86
23 34 26
23 38 69
23 39 52
24 39 88
24 44 4
24 26 57
24 41 20
24 34 39
24 37 56
24 47 72
24 32 56
24 46 1
24 43 82
24 31 67
24 38 65
24 30 88
24 48 46
24 25 68
24 35 43
24 45 55
24 40 24
25 38 49
25 44 97
25 30 27
25 36 58
25 49 21
25 41 32
25 46 39
25 48 53
25 43 92
25 45 92
25 31 61
25 27 94
25 47 35
25 40 23
25 32 100
25 33 33
25 34 56
25 39 51
25 29 6
25 37 13
25 35 77
25 28 70
26 39 66
26 32 65
26 44 50
26 43 90
26 42 79
26 35 33
26 46 33
26 27 97
26 34 88
26 47 87
26 38 11
26 40 80
26 49 42
26 29 30
26 48 39
26 28 72
26 30 70
27 45 4
27 31 51
27 46 95
27 34 35
27 43 54
27 30 18
27 48 27
27 47 32
27 28 12
27 49 21
27 33 4
27 40 28
27 44 98
27 39 24
27 32 31
28 35 10
28 36 51
28 49 98
28 31 38
28 29 76
28 46 23
28 34 63
28 30 24
28 32 71
28 48 55
28 44 24
28 40 78
28 43 63
28 39 52
28 47 90
29 33 84
29 48 82
29 32 60
29 42 44
29 36 97
29 35 38
29 39 68
29 37 33
29 46 100
29 45 15
29 41 10
29 40 37
29 43 80
29 44 81
29 31 92
29 47 58
29 30 18
29 34 69
29 38 7
29 49 31
30 31 70
30 37 37
30 49 83
30 34 23
30 36 15
30 43 86
30 42 77
30 39 90
30 33 70
30 38 18
30 45 50
30 35 84
30 32 21
30 44 60
30 40 22
31 48 96
31 38 22
31 44 64
31 32 13
31 34 52
31 46 65
31 35 15
31 45 60
31 49 53
31 36 77
31 37 41
31 42 25
31 40 97
31 39 100
31 33 79
31 41 11
31 47 88
32 42 87
32 33 47
32 39 10
32 49 36
32 35 8
32 43 4
32 47 42
32 41 65
32 38 71
32 46 63
32 34 30
32 48 65
32 40 4
32 45 35
33 41 42
33 44 92
33 34 11
33 49 21
33 48 22
33 38 71
33 39 73
33 37 89
33 45 14
33 36 97
33 40 33
33 47 26
33 46 69
33 35 47
33 43 6
34 40 9
34 36 87
34 42 82
34 46 35
34 48 61
34 47 10
34 35 86
34 41 35
34 43 46
34 44 56
34 49 66
34 38 81
34 45 12
34 37 33
34 39 82
35 40 70
35 46 11
35 39 70
35 44 16
35 45 8
35 37 13
35 48 36
35 49 43
35 47 53
35 43 89
35 42 60
35 41 17
35 36 13
35 38 13
36 42 10
36 44 60
36 49 6
36 39 20
36 47 27
36 45 1
36 41 91
36 40 40
36 48 20
36 37 80
36 46 83
37 45 31
37 43 91
37 46 64
37 40 59
37 47 78
37 41 28
37 48 93
37 49 61
37 38 21
37 42 4
37 44 86
38 43 18
38 49 59
38 42 75
38 47 30
38 44 93
38 45 87
38 41 91
38 48 10
38 46 52
38 39 50
38 40 53
39 43 35
39 40 15
39 44 89
39 42 12
39 45 51
39 46 28
39 48 72
39 47 5
39 41 95
40 42 10
40 48 44
40 45 74
40 46 62
40 43 98
40 49 69
40 47 31
41 49 23
41 46 57
41 45 42
41 47 98
41 43 47
41 42 8
41 44 88
42 44 33
42 46 39
42 48 62
42 47 82
42 49 50
42 45 27
42 43 82
43 47 32
43 49 58
43 46 78
43 44 19
43 48 63
43 45 41
44 45 1
44 47 98
44 46 62
44 49 80
44 48 66
45 48 21
45 46 8
45 47 33
45 49 2
46 48 41
46 49 61
46 47 50
47 48 73
47 49 56
