10
0
756
0 36 73
0 25 35
0 38 50
0 27 86
0 34 9
0 8 85
0 35 24
0 9 74
0 10 32
0 43 99
0 42 81
0 18 50
0 32 18
0 12 7
0 15 60
0 14 30
0 46 72
0 4 50
0 44 92
0 5 27
0 33 53
0 20 91
1 22 64
1 34 32
1 5 34
1 23 42
1 39 50
1 45 42
1 30 85
1 27 84
1 44 48
1 31 65
1 26 72
1 2 7
1 24 44
1 6 95
1 10 51
1 42 96
1 32 84
1 29 34
1 18 78
1 15 54
1 16 22
1 4 48
1 28 14
2 25 25
2 19 33
2 14 6
2 6 38
2 12 12
2 46 66
2 30 57
2 32 92
2 9 48
2 11 7
2 18 42
2 8 81
2 39 12
2 36 45
2 45 85
2 4 44
2 29 48
2 43 13
2 17 41
2 38 41
2 37 12
2 15 24
2 48 73
3 36 61
3 31 53
3 49 27
3 15 63
3 46 76
3 48 92
3 7 100
3 21 17
3 17 27
3 39 13
3 4 52
3 6 96
3 43 10
3 35 6
3 27 20
3 12 78
3 9 68
3 26 59
3 45 100
3 22 75
3 30 47
3 42 3
3 25 17
3 34 3
4 27 79
4 44 55
4 11 15
4 23 28
4 25 65
4 17 6
4 24 1
4 45 62
4 35 94
4 28 16
4 19 6
4 32 10
4 5 77
4 14 18
4 30 71
4 42 59
4 26 26
4 34 15
4 33 31
4 7 37
4 20 11
4 13 57
4 10 23
5 32 55
5 28 51
5 8 23
5 20 26
5 31 12
5 27 66
5 7 54
5 15 33
5 35 42
5 14 7
5 49 31
5 46 61
5 9 19
5 26 15
5 6 1
5 33 71
5 37 6
6 44 1
6 27 60
6 11 99
6 18 11
6 40 12
6 31 59
6 45 26
6 22 47
6 19 74
6 21 98
6 8 81
6 30 35
6 25 94
6 12 54
6 28 61
6 10 57
6 16 14
6 9 19
6 24 23
7 33 88
7 24 53
7 41 43
7 48 88
7 29 95
7 15 74
7 9 19
7 10 39
7 12 100
7 49 9
7 28 91
7 27 70
7 40 5
7 14 7
7 46 29
7 20 37
7 31 93
7 23 29
7 34 26
7 8 41
7 38 91
7 37 90
7 11 1
7 44 70
8 27 16
8 34 99
8 25 30
8 37 58
8 11 82
8 18 13
8 38 2
8 26 57
8 12 15
8 20 44
8 48 22
8 44 88
8 23 28
8 49 73
8 39 12
8 43 48
8 33 68
8 15 59
8 47 57
8 32 5
8 31 78
8 40 95
8 24 89
8 45 31
8 10 98
8 13 8
9 33 76
9 15 100
9 34 78
9 45 25
9 25 92
9 14 63
9 47 28
9 28 83
9 41 4
9 43 78
9 26 93
9 29 6
9 32 91
9 19 95
9 31 74
9 22 48
9 39 3
9 10 74
9 35 24
9 40 69
9 30 55
10 20 84
10 22 58
10 18 75
10 21 53
10 12 98
10 19 81
10 35 95
10 15 16
10 46 56
10 43 3
10 49 29
10 38 1
10 48 84
10 28 74
10 11 72
10 40 7
10 14 26
10 42 89
10 36 86
10 44 4
10 33 86
11 41 63
11 43 7
11 17 36
11 49 60
11 20 90
11 36 65
11 18 14
11 48 43
11 39 83
11 37 40
11 13 63
11 40 26
11 32 77
11 35 50
11 19 76
11 22 20
11 14 46
11 25 48
11 27 94
11 30 94
11 45 86
11 23 46
12 16 64
12 35 14
12 40 60
12 30 93
12 46 54
12 43 25
12 36 70
12 20 71
12 21 94
12 44 94
12 29 66
12 41 37
12 28 48
12 34 84
12 48 40
12 26 69
12 37 78
12 24 45
12 22 99
12 15 11
12 25 8
13 30 55
13 21 20
13 38 63
13 19 73
13 40 75
13 26 27
13 37 31
13 16 28
13 18 32
13 49 62
13 27 6
13 34 83
13 39 68
13 22 66
13 44 48
13 28 31
13 35 43
13 25 55
13 24 7
13 31 100
13 45 33
13 46 16
14 25 52
14 27 38
14 38 16
14 43 30
14 23 18
14 29 11
14 44 66
14 42 43
14 15 32
14 32 88
14 18 41
14 35 62
14 46 93
14 45 100
14 20 59
14 34 27
14 19 17
14 28 39
14 37 32
14 47 90
14 36 64
15 38 5
15 25 59
15 26 7
15 33 66
15 18 94
15 28 49
15 39 58
15 42 24
15 32 26
15 22 53
15 40 59
15 16 67
15 36 42
15 17 52
15 30 100
15 19 92
15 20 3
15 35 19
15 47 100
15 46 34
16 24 1
16 23 68
16 21 65
16 43 79
16 30 20
16 32 48
16 45 42
16 36 65
16 22 42
16 48 5
16 29 39
16 46 48
16 42 7
16 35 88
16 27 50
16 28 39
16 38 42
16 17 23
16 31 44
16 33 50
17 28 19
17 33 73
17 36 1
17 49 11
17 46 32
17 32 36
17 42 50
17 21 80
17 39 34
17 48 88
17 44 7
17 22 7
17 40 14
17 43 25
17 26 10
17 34 81
17 23 95
17 29 1
17 24 63
18 21 50
18 35 6
18 47 78
18 29 56
18 27 86
18 45 11
18 42 43
18 22 25
18 25 87
18 32 51
18 30 94
18 44 2
18 23 67
18 49 77
18 48 9
18 41 98
18 36 15
18 33 83
18 38 13
18 40 48
19 43 61
19 37 22
19 38 8
19 42 43
19 25 95
19 45 39
19 22 75
19 47 15
19 40 88
19 23 84
19 29 21
19 49 78
19 28 65
19 20 97
19 26 66
19 31 89
19 32 74
20 39 16
20 30 22
20 34 42
20 25 1
20 49 16
20 47 21
20 43 4
20 24 58
20 22 20
20 40 65
20 41 39
20 37 66
20 33 52
20 32 80
20 38 10
20 35 24
20 46 77
21 25 32
21 43 50
21 36 86
21 32 78
21 35 40
21 30 89
21 42 74
21 28 20
21 45 15
21 39 84
21 22 13
21 23 67
21 26 28
21 33 52
21 48 69
21 46 22
21 29 38
21 27 70
21 44 2
22 46 95
22 31 51
22 28 51
22 38 11
22 43 32
22 47 21
22 23 18
22 33 32
22 49 97
22 30 69
22 36 57
22 48 6
22 37 61
22 35 4
22 32 99
22 27 80
22 29 84
22 44 85
22 41 97
22 40 64
22 45 55
23 33 7
23 41 90
23 39 63
23 28 10
23 25 58
23 44 44
23 29 38
23 46 7
23 24 31
23 30 90
23 49 48
23 26 3
23 45 97
23 43 92
23 38 18
23 35 36
23 37 45
23 47 86
23 42 86
24 31 76
24 30 63
24 38 97
24 48 97
24 47 92
24 32 75
24 42 41
24 46 14
24 41 74
24 37 83
24 45 22
24 49 59
24 25 62
24 26 36
25 33 46
25 40 99
25 46 30
25 28 67
25 45 78
25 37 75
25 49 55
25 47 75
25 44 24
25 32 41
25 35 91
25 27 45
25 26 61
25 41 62
25 43 71
26 45 37
26 48 74
26 46 79
26 39 26
26 38 59
26 43 54
26 49 54
26 31 99
26 29 31
26 44 2
26 37 75
26 35 71
26 32 21
26 30 26
26 33 91
26 28 96
27 39 38
27 31 75
27 41 27
27 49 89
27 28 77
27 43 40
27 38 14
27 35 55
27 40 97
27 47 2
27 36 9
27 32 19
27 44 60
28 30 91
28 35 87
28 34 28
28 49 70
28 32 18
28 45 11
28 43 9
28 48 84
28 47 97
28 36 46
28 38 87
28 39 18
28 31 21
28 42 32
28 44 28
28 29 69
29 42 21
29 37 7
29 43 94
29 40 75
29 38 87
29 30 4
29 47 13
29 46 3
29 39 71
29 41 92
29 32 87
29 31 6
29 34 9
29 44 6
30 44 82
30 48 61
30 45 83
30 37 24
30 33 37
30 49 78
30 46 2
30 35 3
30 39 25
30 40 86
30 34 6
30 42 9
30 32 3
30 43 1
30 31 81
31 38 16
31 39 44
31 43 43
31 46 74
31 41 18
31 33 93
31 47 98
31 36 88
31 45 97
31 34 63
31 44 100
31 48 98
31 49 75
32 49 62
32 47 85
32 35 17
32 39 78
32 40 79
32 38 6
32 41 65
32 48 29
32 34 36
32 44 15
32 43 44
32 46 66
32 36 69
32 33 64
32 45 100
32 42 94
33 44 80
33 40 73
33 37 99
33 41 85
33 46 93
33 38 5
33 45 36
33 43 77
33 39 58
33 36 87
33 42 4
33 47 30
33 48 2
33 35 95
34 40 88
34 45 45
34 46 44
34 47 29
34 39 37
34 49 98
34 48 5
34 42 98
34 43 91
34 44 87
34 41 59
34 37 83
35 37 98
35 36 95
35 43 100
35 38 87
35 46 2
35 40 3
35 48 97
35 45 40
35 42 14
35 47 57
35 41 86
35 44 89
36 44 11
36 45 54
36 41 35
36 39 56
36 49 38
36 37 90
36 46 71
36 43 61
36 38 15
36 40 32
36 42 60
36 48 37
36 47 38
37 38 60
37 41 18
37 42 49
37 48 55
37 46 73
37 47 62
37 39 60
37 45 80
37 49 65
37 40 34
37 44 74
38 47 16
38 40 88
38 42 8
38 45 99
38 43 32
38 41 32
38 44 89
38 46 48
38 48 11
38 39 3
39 47 38
39 40 89
39 45 27
39 46 18
39 41 84
39 42 27
39 44 14
39 49 4
39 43 95
40 45 34
40 43 83
40 47 57
40 44 96
40 46 26
40 49 34
40 42 16
40 48 98
41 47 8
41 43 35
41 46 5
41 44 25
41 45 45
41 42 89
41 49 41
42 46 63
42 45 37
42 49 36
42 47 50
42 44 5
42 43 7
42 48 86
43 46 27
43 47 60
43 48 30
43 49 38
43 44 75
43 45 16
44 46 81
44 47 60
44 45 57
44 49 19
44 48 18
45 48 20
45 47 55
45 46 64
45 49 93
46 49 17
46 48 50
46 47 60
47 48 69
47 49 100
