1000
609
134
971
280
761
792
535
414
241
318
594
357
205
133
281
254
41
383
517
533
912
466
304
614
930
486
745
643
987
284
785
555
973
708
235
617
835
395
285
768
278
775
538
707
174
317
522
402
778
480
989
35
998
449
590
423
33
719
158
846
133
152
697
486
24
78
609
531
712
840
270
246
133
558
523
403
775
499
317
560
121
987
674
49
742
646
253
410
217
316
352
782
415
860
54
182
450
253
135
915
199
562
872
758
683
549
684
383
121
700
336
400
121
909
576
542
175
357
41
419
341
760
170
367
597
546
169
716
557
450
579
160
273
89
156
834
131
468
783
665
289
415
545
806
723
230
76
246
183
540
695
799
721
579
669
308
3
199
527
938
82
345
376
817
832
606
945
330
816
484
173
695
442
818
326
895
999
280
876
766
32
347
387
645
14
142
104
348
344
452
987
529
853
478
303
220
438
93
394
825
60
313
123
244
144
908
788
359
375
341
38
104
740
245
817
713
922
556
969
107
656
426
317
645
983
648
910
889
164
747
89
904
57
44
864
718
55
56
961
471
105
531
399
399
407
905
581
355
813
922
275
539
306
37
949
167
724
761
381
114
514
682
194
204
551
957
189
896
216
751
790
750
646
510
836
111
523
895
988
219
280
876
831
563
986
605
740
513
848
113
446
293
531
168
236
301
682
191
435
124
450
397
202
576
401
515
733
123
51
145
775
581
2
112
362
593
669
195
572
854
818
760
421
868
47
708
419
399
385
104
138
431
756
638
303
763
783
260
111
686
846
249
633
838
123
868
142
424
963
624
13
858
524
96
411
285
805
855
562
687
122
144
856
698
295
316
585
885
155
617
321
93
723
925
920
891
707
958
65
323
299
262
228
631
754
318
272
552
459
359
647
193
321
745
778
8
421
565
609
806
732
799
425
384
593
118
389
769
335
113
490
937
975
719
871
384
417
19
270
380
749
785
322
807
254
621
540
424
191
751
959
75
772
796
648
971
312
809
721
681
934
215
228
664
316
410
119
64
471
637
825
243
86
552
284
117
330
288
171
705
623
348
112
791
383
7
993
685
110
633
728
585
630
312
526
872
275
809
860
428
815
983
789
352
795
161
284
154
574
987
80
252
282
383
968
199
918
208
810
452
192
436
948
893
186
139
627
928
698
233
728
815
509
733
766
711
54
771
279
693
159
890
66
234
616
768
918
117
462
191
827
966
842
195
756
665
82
601
200
639
264
371
423
992
175
470
173
814
98
262
864
553
101
770
898
810
246
234
284
707
251
854
496
36
747
623
996
830
525
192
410
230
881
637
913
872
188
306
655
626
808
966
371
816
186
429
54
662
930
66
80
924
967
777
260
204
74
39
749
148
959
697
254
19
780
980
217
39
164
870
635
873
709
485
197
315
607
476
700
686
595
93
901
759
965
278
325
901
644
346
454
382
80
507
534
502
618
336
49
710
89
777
411
813
58
675
716
685
266
83
279
298
44
90
491
214
710
185
671
936
986
739
406
708
144
100
149
953
63
216
886
630
225
324
362
655
206
48
529
181
13
89
543
107
661
819
654
196
942
395
641
162
986
74
755
767
52
858
845
39
688
902
478
595
685
679
805
612
924
861
768
910
280
532
892
36
866
571
457
5
868
495
601
534
620
893
184
133
886
213
501
444
550
615
835
36
829
48
263
403
868
981
787
699
702
165
805
20
658
237
913
183
424
782
605
791
388
200
845
215
369
108
21
686
25
414
678
990
879
717
257
469
712
574
353
867
364
140
49
472
490
142
592
489
124
412
522
543
732
447
180
990
53
492
647
378
17
396
306
953
959
276
967
443
624
888
972
434
416
123
307
413
458
288
837
8
995
405
716
51
32
550
418
722
812
154
251
521
553
620
567
919
929
783
819
22
503
318
448
652
535
789
97
470
615
891
290
108
775
315
588
924
97
614
854
921
897
845
672
366
129
330
462
978
68
948
700
342
950
261
731
316
851
29
64
837
534
148
614
746
90
837
377
378
468
977
193
957
531
352
751
691
355
357
74
484
830
910
256
764
758
476
676
159
569
524
204
878
148
133
509
479
131
65
802
837
649
750
465
788
571
591
487
403
735
883
712
987
453
462
618
772
911
981
418
649
272
297
874
421
341
631
267
60
520
473
760
722
56
576
740
38
551
70
210
196
124
742
470
863
867
437
985
184
47
938
59
288
484
133
845
967
60
198
577
495
632
516
553
265
579
200
739
867
478
628
395
831
946
593
417
501
363
405
12
943
66
326
253
341
