200
650
178
10
198
692
564
450
708
288
966
661
382
627
237
62
549
946
345
834
18
897
219
924
287
955
726
802
438
994
915
844
69
69
684
696
703
640
661
404
597
902
353
196
690
687
607
702
520
995
797
364
787
244
759
279
931
692
495
53
561
604
850
474
666
189
21
56
969
885
450
451
198
28
812
570
198
295
708
958
723
19
413
783
691
560
272
907
350
61
935
144
465
86
981
130
563
846
371
186
629
889
766
442
75
276
261
49
337
891
564
185
61
358
469
559
489
728
642
677
977
397
615
976
163
604
258
185
543
670
521
777
729
682
177
698
50
201
293
120
896
150
392
596
343
56
329
567
997
150
330
977
256
649
425
759
232
37
398
496
503
630
551
241
184
102
678
521
957
802
709
509
275
653
835
623
934
599
708
891
720
386
39
493
986
101
416
542
230
648
2
160
498
930
455
807
824
217
552
312
278
