150
96
162
474
608
158
646
454
843
356
284
172
734
556
674
535
736
885
259
722
817
492
146
489
417
251
122
507
245
777
783
449
37
281
683
946
354
779
453
799
558
536
232
340
295
45
983
376
515
785
450
636
796
781
674
30
230
363
3
274
352
55
989
775
398
353
368
645
852
763
93
19
852
470
13
921
589
83
42
969
582
250
537
348
800
202
184
963
88
661
902
295
3
641
480
486
424
284
683
613
938
490
465
532
592
366
200
876
448
33
161
950
741
364
393
475
304
720
561
390
852
367
850
350
634
811
904
518
705
382
265
48
311
827
634
719
415
770
55
453
648
801
934
123
302
119
58
735
813
673
863
